2606
309
82
32
14
12
8
12
9
9
10
9
11
15
3
8
4
8
7
10
8
12
3
1
6
10
7
4
7
7
12
5
1
5
6
4
7
7
5
5
4
4
4
4
6
9
3
5
3
11
4
3
4
2
2
7
3
5
3
3
7
3
2
2
2
4
2
3
5
1
3
2
2
2
2
4
1
4
5
0
4
1
5
1
3
2
3
3
0
1
4
1
2
2
2
1
2
2
1
2
3
5
1
3
0
3
1
3
0
1
2
2
0
3
0
0
4
1
0
1
0
3
2
1
0
1
0
0
1
0
0
3
1
0
0
1
2
1
0
3
1
0
1
1
0
1
0
0
1
0
0
0
0
0
0
2
0
0
1
0
0
0
1
1
0
0
1
2
1
2
0
1
0
0
0
0
2
1
0
0
0
0
0
0
1
0
0
0
0
0
0
0
0
1
0
0
0
1
0
0
0
0
0
0
1
0
0
0
1
0
0
0
0
1
1
0
0
0
0
0
0
0
0
1
0
0
0
0
0
0
0
0
0
0
2
0
0
1
1
0
0
0
0
0
0
0
1
0
0
0
0
0
0
0
0
0
0
0
0
0
0
0
0
0
0
0
0
0
0
0
0
0
0
0
0
0
0
1
